329046
100816
1803897.0
5025.19
690256.0
54790.1
136370.1
133383
61605
42665
59765.12
559297
383379
318829.69
1036760
88456.5
35725.3
88456.17
1642459.1
51707.0
948311.9
1075772
179993
89940
5025.21
413071
474922.1
1803374
133412.0
5127.1
13684.9
207832
34458.0
5059.7
1173701.1
318829.61
5518.3
282269.1
563466.1
1489057
157072.0
318829.156
655844
67723
318829.1
64363.2
61369.0
1213857
1215603
1615771
1335646
5025.72
1573607
710243.1
145388
182055
179144.0
1633207
1194599
5025.83
1262393
519963
1604332
426418
65659
164328.0
538568
318829.53
318829.125
5692
1367541
5508.0
470485
318829.49
5025.0
59586.13
1489893
98342
1274785
148305.0
5893
108355
318829.102
29875.0
596104.1
61369.7
318829.37
438356.1
1001832
1432141.6
34485.0
1579116
318829.108
59586.23
1640341
426428.1
1033177
2175966
5025.57
218668.2
38492
72228.0
5025.54
948311.5
190371
53269
1086053
1108050.2
63577.2
1448322
2023133
33203.1
5059.14
61284.2
90262
91943.0
164328.10
1330343.0
5507.10
1301521
114742.7
5062.2
1758318
703756
88456.15
62708.2
1047171.6
100902.0
1357685
453998
82102
573729
318829.51
1279476
143453
426428.2
948311.10
5061.5
1440115
120297.5
44412
2175969
67593
120297.1
2010233
139420.0
1276532
38457.0
554065
946125
318829.42
157072.1
1223556
117187.0
186617.3
93625
53985.1
318829.92
47790
112090.7
1214573.1
5025.32
38038
82946
318829.187
45341
5025.22
1279480
61366
282267.0
1047171.4
120398
4785.2
1276143
318829.36
88456.2
1127754
59586.22
765915
1450541
670580
1279475
4781.1
1457509
135514
1501327
1227655
1209931
318829.79
1435980.2
32600
101028.0
5323.1
100870
1460289
111012
2107715.1
266149
39291.1
2175963
318829.6
1457510
120297.6
318829.149
1197718
904239
113634.0
1424426
164328.8
318829.107
45276
1974180
756982
318829.81
1080343
136370.0
1271458
5059.1
59586.7
1423351
31870
290576.1
743788
1317065
5025.61
5025.5
1435980.1
318829.189
40262.1
2786
1331945
1156394
318829.55
1403190.1
432359
29917.0
136282
139080
1419113
120039
2304317
318829.133
1314672
1037527
318829.147
222705
1580213
318829.50
91943.7
864141.0
36050
1274791
5334.1
5127.13
5025.31
415593.0
112090.5
307507
1163405
318829.159
318829.128
318829.115
337941
5464
61369.4
426428.3
2109339
253104
5804
318829.99
1229662
318829.5
225342
230439
1448317
92950
94130
318829.8
5508.7
2012860.2
327505.0
318829.38
771870
68746
87126.1
229533
100902.2
318829.18
1437871
930992
5514
1432141.1
180088.1
1445577
1306850
1405377
409893
1036761
255361
5508.3
588596.0
983964
318829.15
56615
1357693
760013
5025.44
46433
927772
5518.0
74410
451672
554055
1173061.0
59765.4
707572
120645
879823.1
54790.6
596104.0
367097
1284357
80590
5079
451674
5059.10
5025.24
4795
318829.111
318829.136
44056
946362
1001937
318829.16
1432141.4
59586.25
490622
1165861
59765.1
5025.80
164328.20
186125
1276538
5059.11
2070414
5025.42
1448308
2012860.3
914237
348901
318829.47
2175971
318829.182
35725.2
5061.4
253101
175648
1089448
318829.157
27357.1
4803.0
5936
5507.12
1144522
1042311
318829.148
420778.1
59586.21
4792.0
35725.5
2020292
59586.3
80600.2
59586.1
5518.5
2012860.0
1317063
318829.10
1160506
278948
340189.3
318829.40
2050978.1
73001
1279478
5025.63
318829.180
5025.59
5141
1455713
5949
1162309
409207
388810
112090.4
658473
318829.44
563466.0
5508.2
318829.173
182846
1294127
112090.9
104221
173053
5508.5
1104152
1157962
59586.19
710243.0
5025.30
1440153
282267.1
5508.6
761204
474922.0
1436886.7
13684.11
5025.53
5025.16
5353.2
3074
47428
423536
1300066
1182545
5757.1
2175962
64608
192010
47662
62708.0
318829.59
5507.13
1519565
1357690
5025.8
120296.1
396571.1
164328.16
1262396
5297.0
1202772
1635159.0
1172189.1
318829.127
1436886.3
88456.16
665079.0
5507.3
312017.0
42890.0
767483
318829.175
1249587
5025.78
58291.1
5062.3
1837266
42149
588596.4
763407
1173701.0
53985.0
2015914
1357683
588596.1
1182543
1633209
664439
1635097
28567
88456.13
225359
1314790
1172189.0
1227346
5025.13
2175964
1745343
100787.1
5693.19
5323.2
742152
64518
318829.66
1276529
1604329
1713842
1047171.1
88456.6
76328
39843
1223557
27357.0
78402
82522
1849047
121045
164328.6
4785.3
152502.1
1859971
5757.0
13684.19
62708.1
35722
318829.183
13684.3
1194242
933077
1262395
5025.71
1230121
1634478
1392250
1237896
318829.25
318829.11
508771
318829.20
1274784
1357686
40381
1938904
107426
113602
1266714
27350.0
114742.0
544711
328515.1
870435
1617101
1930190
948311.6
318829.76
318829.60
4790.2
318829.129
318829.84
4785.4
1442370
47427
41045.0
1609947
142831
1690101.1
1448319
415593.1
5507.5
91943.4
1758543
232082.2
1435980.6
169388.0
1749249
1047171.0
5025.37
29875.1
164328.17
59586.24
232081.0
644352
318829.72
318829.174
1226784
43049.2
5580.3
764597
5518.2
94643
318829.80
1028729
61235.1
43142
1276141
1573173.0
1974281
129364.0
948311.7
318829.67
647257
1331946
1247866
91943.6
59586.26
5025.76
1341132
1263415
749232
1283759
318829.63
5539
88456.18
318829.169
1735280
318829.113
164328.5
1435980.4
3076.3
1448318
864142.1
318829.165
13684.7
59586.17
38443
5319
5025.12
1580212
110526
759273
909455
215456.1
1436886.4
2769
3068
660027
40262.0
361085
165777
164328.19
1229664
1323751
1095629
212602
5544.2
164328.12
658196
357350
129355.1
181874
507601
5334.0
164328.11
1804209
5127.11
644383
143451.1
1141098
318829.119
948311.1
5127.2
1436886.5
943118
5025.73
120297.3
1036808
318829.19
454130
1642459.0
765867
243110.0
1314670
318829.152
210441
5297.3
312017.1
5025.4
5025.35
565419
318829.139
1803897.1
306582
5963
383855
1123015.1
5025.66
994087
112090.0
943121
264083
3078
5025.75
50376
98233.1
1403190.0
665079.1
1226780
52586.4
292559
74722
4785.1
59586.15
5507.8
235271
318829.96
3077
318829.122
1436886.0
318829.141
62683
2088
42673.0
318829.117
112090.3
318829.172
572307
318829.131
129314
27358.1
318829.158
112090.2
80606
120295.2
318829.126
1279482
325452.2
1076935
64609
222702
318829.163
1435980.0
5022
1200839
54687
416442
112090.1
1266766
911162
249398
1432141.5
1451142
5272.13
318829.54
660025
1436886.8
99158.0
215243
33203.2
588596.3
656916
753081
1810919
85057
318829.142
318829.87
181343.0
1280523
318829.30
1074872
1157616.0
61369.6
318829.27
318829.193
2250717
1491466
1432307
448386
1052797
73868
298378.1
34458.1
61369.5
290292.1
5025.20
1047171.7
108428
2025994
196064
1622260
746836
231916
59586.16
1036762
1035635
41688
61284.0
695850
87122
650164
1709936.2
5025.36
71967
1663500
5693.0
318829.110
235270
374766
1249586
13684.4
71966
331382
1196443
5932
1307830
63577.0
59586.27
4803.1
40145.2
129364.1
1629917
2107715.4
686832
5025.26
1284197
1435980.10
79588.1
61369.2
5127.4
999810.1
431895
238245
40199.0
1169540
1306134
1089452.0
5025.64
42746
404881
318829.91
1290391
5516.0
1174676.2
61369.3
1131323
180088.3
1425883
318829.146
52586.0
569365.0
510516.0
2016387
5297.1
318829.130
82509
396575
318829.186
472931
1914213
123925
59765.6
2017508
447095
108901
1258663
578458
1130821
318829.85
1987568
1451240
474922.3
1435980.9
325452.6
797122
1174676.1
51284
114742.3
701091
708197.2
59765.11
139420.1
5127.8
48490.2
318829.65
2010991
58291.0
933084
326628.1
321146
5656
660122
318829.114
318829.64
1357679
1095630
318829.167
1116229
47721
1357677
318829.135
13684.10
42673.1
561896
370355
1047171.5
1264588
59586.20
1136866
35725.1
290576.0
1287680
44416
1266767
568076
1940567
71929
318829.118
1436886.2
305.85
99158.1
327505.2
59586.9
486041
1837245
500994
1143189
45346
59586.5
1940568.0
5544.1
143451.2
91374
64660
101201
27350.1
1276537
61369.1
5508.4
52586.2
129355.0
27358.0
1126212
211522
5025.77
158607
120295.3
5755.0
979145
326628.0
242475
27350.4
55514
318829.17
318829.56
2033643
91943.1
1758316
1917417
510516.1
328473
334819
1284355
2017516
1405378
1357681
5554.2
113634.2
129524
318829.101
452589
318829.164
71688
1450538
36767
88456.4
1174670
318829.7
318829.82
5025.81
2153248
576137
247546
1255295
45133
39966.1
318829.94
164328.2
318829.192
937743
1580211
221103
1406313
318829.32
1714833
5507.14
1291519
80668
88456.20
630390
78410.1
120297.7
88456.11
5693.17
318829.140
2070412
318829.97
59586.30
1873369
1159556.1
5327
2020480
1089452.1
48579
1156157
690256.1
708197.0
1279484
127563
318829.100
98233.0
914238
1280524
318829.120
1108050.1
318829.74
559515
5507.1
38448.1
1279477
1037526
1615773
5025.17
232082.1
907947
122368.1
88456.19
743301
1149755
38457.1
5507.6
88456.7
129350
307937
61235.2
1287681
318829.78
431200
120297.4
1079131
164328.13
1755127
318829.57
1735279
44415
1357678
5025.65
318829.145
36044.0
75058
5025.60
183589
574774
318829.46
2037899
318829.181
626713
5507.11
1229665
41045.1
318829.116
5544.0
61369.8
51316
4790.0
5702
5693.14
272952.0
318829.75
1240226
120296.0
708197.1
164328.9
5127.6
747089.1
1609942
2012860.1
578462
105231
2029559.1
112090.11
318829.195
1074873
40382
1890364
5467
164328.4
1330343.1
168172.0
1136865
366581
91943.3
1174673.1
32599
196912
318829.88
1967635
2175967
1028407.1
42251
152502.0
318829.155
3055
133381
1314781
4786
1276136
5507.4
1157616.1
87325
930991
1051891
38448.0
148305.2
1381753
1214573.0
318829.194
101028.1
59765.13
5059.5
266.1
990650
361140
747725
88456.10
398673.0
1432141.2
61194
5507.9
5059.0
246409
708197.4
694068
181123
1313166
87257
1001938
232081.1
64638.1
64363.6
5127.10
905079
2041167
91943.5
29856.0
318829.170
243110.1
47426
318829.83
327505.1
59586.33
749231
88456.21
5597
318829.109
5414
1089451
914234
318829.28
5025.15
367110
5507.7
59765.5
290292.0
109264
318829.86
5025.39
40145.1
5025.18
526923
732165
266.2
59586.0
59586.14
27350.3
318829.0
2050978.0
51315
279509
935652
72228.1
112090.6
765440
1507870
1004304
266.3
82524
1077348
59765.7
1955135
59586.31
164328.3
114742.1
691171
5025.7
374759
1047171.3
1435980.8
318829.26
1047171.2
59586.18
5801
5802.1
318829.48
1262394
120295.1
164328.18
59586.34
1130820
1585795
1603057
1266715
1245745
5507.16
5518.1
5025.43
1173715
52586.3
470921
2175974
1435980.5
1725355
5025.68
87228
1435980.13
4829
2421284
318829.14
66527.0
55169
5518.4
59586.8
1108050.0
396571.0
282269.0
755200
944289
51683
5025.23
5050
40199.1
318829.191
34467
5025.52
318829.52
318829.171
1266744
333523
318829.143
100756
1392242
5093
1436886.6
318829.62
708197.3
88456.3
181343.5
34457
1758317
5127.5
1279483
765257
318829.2
117187.2
2107715.3
77044
318829.166
253309
318829.95
196109
318829.41
181343.3
5127.12
498180
29892
2782
64638.0
100787.0
318829.45
1435980.11
86630
279506
2006384
40262.2
321614
33203.0
1117665
1077286
5025.69
1279085
983958.1
258770
483139
1286976
948311.3
1344416
325452.3
13684.6
1618205
64517
5025.46
318829.4
578457
59765.8
181343.6
59586.10
91943.8
1869227.81
1435980.12
27350.2
1043627
1089458
5025.49
67725
29893
5802.0
671987
108572
148305.3
5025.10
1432141.0
1206070
420778.0
29920.1
685588
1147111
578455
879823.0
622444
5762
2051560
1051617
1735278
1137211
51221
318829.150
5025.82
1076256
318829.144
59586.32
5508.8
171347
1174673.0
431595
1047171.8
5811
1316194
1080344
436010
94289
91943.9
1047171.9
4792.3
1578925
5025.48
1435980.3
2175972
1167532
318829.23
5025.6
59765.0
936053
1460663
305400
120297.8
5025.84
272952.1
65661
63577.1
158060
1140117
1274794
588596.2
426428.0
318829.160
1408157
1147731
482377
2036197
332952
563467
948311.0
1216071
2175975
180088.0
59586.4
1274786
100861
1314785
1274781
999810.0
298378.0
1406312
2483409
1317064
1243767
2304319
51707.1
318829.161
13684.8
149040
315946
13684.17
318829.134
120297.2
1367538
1274790
1582338
5508.1
5530
88456.8
59765.9
148305.1
59586.35
1427494
318829.34
318829.112
930093
309746
1268274
985895
13684.18
1257118
64571
54899
5062.1
318829.43
1940568.1
176275.7
240176
114742.10
54790.3
164328.1
64638.2
332648.0
318829.70
42384.0
117187.1
33097
242507
796356.0
318829.29
149392
169388.1
5025.50
1279486
47911
28458
61284.1
39966.0
39416
1028407.0
1075773
655827
59765.2
5025.55
318829.13
5025.2
38457.2
1279481
5755.1
318829.123
2175970
945553
318829.137
635003.1
13684.16
909944
164328.21
120295.0
97480
1481906
59765.3
5025.67
708187
635003.0
1274788
318829.24
1754192
318829.132
113226
569365.1
88456.12
318829.90
34485.2
42384.1
1072389
80884
717944
5693.18
5128
1223559
5888
1266764
1435980.7
65658
5127.9
325452.0
325452.7
1400760
527531
88456.1
97972
42890.1
59586.11
186617.2
336722
5518.6
1283758
29196.1
5025.41
861053
65662
5059.13
318829.39
318829.33
318829.153
1653305
398673.1
5025.62
5025.40
13684.5
474922.4
79593
47281
1802957
5306
1314771
318829.35
318829.106
13684.0
1450535
747089.0
5061.7
5025.56
1735277
114742.4
2039874
1436007
78410.0
114742.2
36781
27335
685557
164328.7
1357688
325452.5
29196.2
232082.0
318829.22
59586.28
318829.168
74557
1301515
318829.31
143451.0
285811
97479
78410.2
1579977
5025.47
318829.178
3076.2
913774
133408
5059.4
56646
653446
133385
120297.0
3076.1
5630
546991.1
318829.68
5059.15
35725.0
510952
1448312
57193
318829.73
5025.3
1573173.1
1127707
946394
202919
65128
36044.1
61186.0
64495
1509407
1001833
2315210
13684.20
4792.1
1089457
318829.185
5059.2
447094
5518.7
943120
114742.8
84963
415593.2
35725.4
61186.1
930990
2175976
54790.2
5353.1
3076.0
1615772
318829.21
180088.2
159749
1485229
1415603
52586.1
5127.7
80383
1220188
879823.2
73499
318829.177
3089
45151.6
747676
318829.184
717982
1635102
332648.1
1086054
88456.9
474922.2
131541
1938905
318829.98
503106
5025.45
5722
645133
45342
946122
559298
218668.0
990712.1
5507.15
1306135
526922
5516.1
77046
1380566
232081.2
546991.0
40483
1348879
510951
948311.4
4781.2
5353.3
431197
5353.0
40633
27349
948311.2
1231657
5101
5025.33
36066
1491457
1202976
120041
5507.2
164328.14
88456.0
200324.1
105487
1174676.0
318829.105
418459
1448320
5059.6
48490.0
1003232
1754191
1149723
593785.0
456999
1317066
29920.0
5025.58
341189
5025.51
306094
13684.14
1690101.0
325452.1
318829.93
133412.1
1213859
5507.17
1963269
2029559.0
284545
4792.2
1460502
1489628
361123
100902.1
5059.9
176275.5
239206
574566
5025.28
59586.6
667725
1813822
936435
5693.3
741705
5544.3
325452.4
65126
112090.10
1284356
86257
1223558
28015
64363.15
580046
1635159.1
2175973
35704
1432141.3
1436886.1
318829.58
943167
40262.3
5660
318829.188
1254522
1041577
114742.6
1209926
179144.1
1758544
47257
132580
5507.0
13684.15
318829.121
5127.0
108018
1450534
639000
131340
112090.8
1271791
59586.2
2175965
48490.1
176626
318829.77
2039875
5059.3
36056
611791
796356.1
61235.0
5297.2
5127.3
5272.8
88456.14
154538
66527.1
1089449
721885
64363.11
875184
5059.12
939174
354353
1330021
27342
1291518
1276135
128442.0
80570
943119
1069443
318829.9
4790.1
5062.0
62688
29196.0
1439350
59765.10
318829.3
5025.34
3088.0
198730
13684.2
51314
318829.89
164328.15
5025.9
763924
318829.154
29856.1
112090.12
318829.124
114818
5518.8
2070413
2058621
318829.103
1051615
33203.3
1143193
318829.162
914063
40199.2
396571.2
59586.12
59586.29
113634.1
1047168.0
1357691
1274793
948311.8
